Total Duplicate IDs: 954
100259
100790
106918
110581
146896
148429
157433130
157433137
157433141
157433143
157433145
157433178
157433184
157433187
157433255
157433278
157433326
157433332
163363
163364
163366
163369
163370
164351
164352
164353
164356
164358
164371
164374
168190014
168190019
168190022
169254
169255
169256
169554
171237
171270
171511045
172941
172992
172993
172995
174228028
175802
176725
176726
177063
177234
177617
178288
178347
179658
179777
182129
182266
182365
182366
182655
183191
183207
183362
183406
183564
183572
183671
183675
183843
183844
183846
183847
183850
184067
184068
184069
184086
184232
184237
184268
184374
184677
184827
185048
185109
185114
185222
185252
185346
185370
185372
185373
185508
185509
185510
185512
185519
185520
185535
185540
185741
185798
185815
186065
186203
186205
186225
186462
186481
186487
186515
186556
186592
186658
186854
186859
187007
187023
187045
187046
187052
187053
187120
187273
187310
187339
187450
187538
187539
187549
187611
187612
187643
187857
187862
187863
187867
187870
187879
187890
187897
187925
187927
187928
187929
187930
187939
187941
187942
187944
187945
187948
187965
187966
187974
188000
188008
188010
188031
188038
188193
188200
188202
188205
188220
188223
188279
188298
188329
188331
188332
188335
188336
188363
188373
188405
188422
188424
188461
188467
188494
188499
188564
188578
188597
188599
188633
188778
188841
188842
188843
188873
188874
188918
188990
189048
189049
189052
189054
189056
189058
189059
189061
189067
189174
189191
189205
189221
189233
189236
189237
189281
189360
189369
189370
189460
189495
189522
189618
189625
189636
189637
189645
189682
189714
189762
189783
189784
189809
189859
189861
189884
190006
190007
190032
190044
190055
190057
190100
190104
190106
190168
190175
190249
190476
190512
190513
190570
190573
190603
190658
190687
190689
190691
190955
190960
190961
190987
191016
191058
191059
191072
191074
191077
191090
191237
191238
191301
191340
191419
191447
191449
191450
191452
191469
191489
191534
191548
191609
191616
191654
191721
191841
191888
191904
191906
191909
191935
191938
191939
191941
191945
191964
191986
191988
191991
191992
191999
192012
192015
192020036
192020046
192031
192118
192182
192245
192246
192259
192260
192389
192394
192395
192396
192409
192488
192489
192513
192515
192516
192531
192532
192533
192707
192712
192713
192726
192746
192747
192748
192769
192806
192817
192822
192824
192871
192879
192880
193047
193055
193060
193061
193099
193101
193158
193159
193164
193165
193218
193219
193490
193491
193492
193493
193497
193518
193525
193534
193539
193568
193573
193754
193796
193825
193835
193861
193875
193876
193890
193893
193915
194008
194088
194251
194269001
194269005
194278
194412
194425
194426
194427
194469
194474
194533
194560
194599
194621
194665
194666
194670
194731
194765
195085
195103
195120
195150
195245
195283
195284
195291
195293
195392
195394
195405
195406
195409
195438
195446
195515
195521
195540
195587
195654
195725
195727
195744
195793
195794
195795
195805
195980
195993
196118
196125
196190
196201
196217
196219
196224
196335
196337
196415
196460
196461
196466
196467
196469
196470
196472
196473
196474
196584
196626
196627
196629
196729
196788
196848
196849
196855
196893
197066
197069
197093
197094
197155
197159
197186
197188
197189
197190
197220
197228
197265
197320
197328
197408
197425
197426
197427
197487
197553
197616
197676
197786
197788
197789
197796
197818
197820
197872
197875
197878
197879
197900
197909
198029
198033
198091
198121
198135
198146
198266
198269
198376
198377
198378
198381
198384
198399
198427
198490
198527
198563
198567
198660
198661
198737
198742
198830
198853
198854
198856
198858
198859
198875
198877
198883
198899
198988
198992
199003
199049
199158
199193
199195
199201
199203
199220
199221
199232
199275
199283
199284
199286
199287
199288
199290
199291
199338
199398
199400
199401
199405
199410
199437
199441
199449
199450
199571
199622
199637
199638
199644
199653
199655
199669
199795
199798
199802
199803
199835
199837
199842
199867
199875
199880
200043
200184
200199
200206
200242
200358
200448
200521
200576
200676
200831
200929
200930
200943
200955
201015
201024
201046
201082
201090
201092
201093
201095
201096
201098
201122
201130
201136
201143
201183
201198
201229
201305
201308
201334
201338
201375
201404
201406
201407
201410
201411
201412
201427
201428
201465
201466
201475
201490
201502
202115
202150
202158
202411
202438
202445
202449
202450
202576
202831
202842
202855
202902
202934
203020
203021
203022
203059
203070
203116
203117
203124
203281
203310
203311
203351
203411
203535
203681
203686
203743
203905
203906
203966
204017
204028
204037
204041
204042
204044
204054
204055
204066
204075
204076
204077
204084
204088
204089
204099
204111
204115
204117
204131
204162
204167
204169
204170
204232
204237
204247
204302
204311
204330
204349
204356
204357
204381
204413
204416
204432
204433
204434
204436
204437
204448
204493
204653
204655
204659
204688
204719
204774
204825
204840
204847
204931
204932
204934
204964
204974
204976
204977
205151
205155
205158
205230
205231
205232
205233
205234
205235
205237
205238
205239
205240
205247
205296
205378
205418
205420
205453
205467
205491
205497
205702
205704
205717
205721
205722
205723
205809
205842
205886
206003
206048
206078
206275
206277
206293
206294
206310
206311
206312
206316
206318
206319
206323
206329
206364
206388
206562
206563
206566
206567
206568
206570
206632
206633
206641
206642
206682
206683
206727
206728
206729
206737
206738
206889
206900
206906
206911
206912
206913
207012
207080
207112
207169
207180
207200
207286
207289
207389
207391
207781
207879
207880
207886
207901
207906
207919
207920
207940
207949
207950
208001
208065
208123
208129
208131
208152
208170
208429
208454
208487
208504
208518
208584
208586
208603
208619
208696
208710
208860
208861
208862
208863
208949
208950
209005
209018
209029
209040
209071
209077
209078
209093
209148
209186
209199
209200
209202
209230
209240
209385
209409
209451
209453
209540
209614
209682
209683
209798
209817
209823
209824
209898
209903
209907
210029
210030
210144
210145
210146
210167
210180
210181
210253
210278
210286
210344
210417
210423
210460
211223
211247
211303
211308
211849
211921
211923
211929
211930
212177
212207
212220
212236
212349
212584
212896
212914
213500
213651
213721
213722
604105
604123
604124
604125
604222
604223
604224
604241
604301
604304
604334
604340
604350
604351
604359
604374
604391
604392
604394
604500
604511
604520
604565
604566
604567
604568
604569
604641
604706
604740
604782
604785
604792
604793
604794
604795
604796
604797
604798
604800
604830
604860
604861
604862
604870
604900
604910
604950
604981
8002315
800510
800575
800587
800588
8008101
8009431
8024391
8032823
8041027
8044880
8044881
8052333
8052486